Input from Level 8 + Mathematica addition of 3 new operators at: 
s-channel s=6
t-channel s=1
t-channel s=3

39122023.294427805

0.4090724
3.7799258
2.7742662
5.1059966
6.00
2.33495
3.895872
0.90885025
3.00752
5.00
2.4777708
3.4097009
2.9953785
6.00
4.3260098
0.9859288
0.0035104349
0.0008789636
0.00019327737
4.00e-06
7.643772e-06
4.2157473e-07
-0.10471803
-1.5836031e-06
-3e-06
0.0047876053
6.6570414e-07
-4.541473e-06
-5e-06
2.7657014e-05


probe runs:

1) achieved reward	39920840.03618526


---------------------------------------------------


1) 		max # of window changes: 5 	(use this)

42220433.76324846

0.4080677
3.7760162
2.7730281
5.1136985
6.4744925
2.3379726
3.8931406
0.90797466
3.003916
5.136672
2.4761434
3.4147346
2.9976103
5.6666584
4.3256207
0.98638743
0.0035187001
0.0008787245
0.00019433108
1.6243973e-07
7.650874e-06
4.2070448e-07
-0.1041998
-1.5792315e-06
-4.9686832e-06
0.0047906097
5.8662437e-07
-4.5564e-06
-2.6316742e-05
2.7523705e-05








