self.zre = [0.28174921068496483,-0.17171247358548106,0.8192128071960839,-0.4898011929480619,
                -0.36433333577284366,-0.5868862180746248,-0.1788536137559479,0.7875658375070528,
                -0.8872431576772505,-0.16147793957184806,0.3848624058811349,0.5120705311439774,
                0.7717284619883115,0.6938241431801536,0.3614054863635266,
                0.7853354521175738,-0.8478307341398701,-0.5960905532156612,-0.6819515049295498,
                -0.33445072118149716,-0.27428023071122043,-0.4397354432717353,-0.5883935212647291,
                0.15849022656792844,-0.764473758219389,0.5683473609003777,0.6644931312772897,
                -0.427820993289316,0.7237587608379179]
    self.zim = [-0.1196286082458976,-0.5676688331652797,-0.2967465796624232,0.7855793121800304,
                0.4563978685566148,0.24983554459868318,0.6601740700968346,-0.31502423428972365,
                0.5660163315552668,0.7163000253660893,0.5568971434788704,-0.11488450883731992,
                0.41681982170391996,0.7744724930409729,0.7024297082801009,
                -0.6039594174704517,0.1875761887390891,0.580773414100678,-0.27357637156350245,
                -0.6450679710159976,0.2235023806135529,0.5920489164950496,0.7390133873283762,
                0.3234845941947617,0.1482965786801569,-0.5320906447157876,-0.574914109853286,
                -0.44340542536128,-0.7528122650004181] #### DIFFERENT FROM BEFORE
