Input from Level 11 + Mathematica addition of 3 new operators at: 
t-channel s=5
t-channel s=6
t-channel s=7

69356178.64749983

0.40814903
3.7727942
5.2137146
2.7298992
4.7134576
5.183681
6.344391
2.2931068
3.7354684
5.51351
0.9085691
2.9695482
5.2072344
7.928495
2.4291072
3.4953551
5.142139
2.8765414
5.648653
4.266541
4.53983
6.00
6.50
7.50
0.98798484
0.003002362
7.4017734e-08
0.0008799263
1.2922355e-07
0.00021277388
1.9423183e-07
7.641505e-06
4.175089e-07
9.517841e-09
-0.1031346
-1.7402373e-06
-9.8451155e-06
-1.3996879e-05
0.004396446
5.2531817e-07
6.5577317e-09
-4.952612e-06
-2.679491e-05
2.7144099e-05
6.2678636e-09
8.7e-06
1.5e-05
1.0e-05


probe runs:

1) achieved reward	72929404.98064181

0.40814903
3.7727942
5.2137146
2.7298992
4.7134576
5.183681
6.344391
2.2931068
3.7354684
5.51351
0.9085691
2.9695482
5.2072344
7.928495
2.4291072
3.4953551
5.142139
2.8765414
5.648653
4.266541
4.53983
8.218055
5.8000946
6.800159
0.98798484
0.003002362
7.4017734e-08
0.0008799263
1.2922355e-07
0.00021277388
1.9423183e-07
7.641505e-06
4.175089e-07
9.517841e-09
-0.1031346
-1.7402373e-06
-9.8451155e-06
-1.3996879e-05
0.004396446
5.2531817e-07
6.5577317e-09
-4.952612e-06
-2.679491e-05
2.7144099e-05
6.2678636e-09
-8.219991e-05
0.00016717213
-4.1821102e-05




---------------------------------------------------


1) 		max # of window changes: 5 	

83169134.0653181
0.40617564
3.7919762
5.188134
2.720462
4.7293935
5.1744375
6.3670125
2.2801828
3.7228856
5.5018053
0.904683
2.978798
5.216934
7.929609
2.388581
3.5188808
5.1565433
2.9114633
5.6630964
4.263794
4.5038886
8.274538
5.8374257
6.812837
0.98824376
0.003108154
7.478026e-08
0.00092732813
1.4522472e-07
0.00025647465
9.63187e-07
7.953337e-06
3.0052405e-07
9.485979e-09
-0.10249383
-1.43182715e-05
-1.3739468e-05
-2.3635257e-05
0.00458042
4.0799284e-07
9.1852664e-10
-6.1835663e-06
-2.6393469e-05
2.738074e-05
6.982082e-09
-8.409744e-05
0.00015676349
-4.2309697e-05
