Input from Level 9 + Mathematica addition of 3 new operators at: 
s-channel s=0
s-channel s=2
t-channel s=1

42220433.76324846

0.4080677
3.7760162
6.00
2.7730281
5.00
5.1136985
6.4744925
2.3379726
3.8931406
0.90797466
3.003916
5.136672
7.00
2.4761434
3.4147346
2.9976103
5.6666584
4.3256207
0.98638743
0.0035187001
0.0000107713
0.0008787245
6.8e-06
0.00019433108
1.6243973e-07
7.650874e-06
4.2070448e-07
-0.1041998
-1.5792315e-06
-4.9686832e-06
-2.8e-06
0.0047906097
5.8662437e-07
-4.5564e-06
-2.6316742e-05
2.7523705e-05


probe runs:

1) achieved reward	43665866.19071905

0.4080677
3.7760162
5.129466
2.7730281
4.8147593
5.1136985
6.4744925
2.3379726
3.8931406
0.90797466
3.003916
5.136672
7.9842844
2.4761434
3.4147346
2.9976103
5.6666584
4.3256207
0.98638743
0.0035187001
7.199288e-08
0.0008787245
5.5757237e-08
0.00019433108
1.6243973e-07
7.650874e-06
4.2070448e-07
-0.1041998
-1.5792315e-06
-4.9686832e-06
-1.8293415e-05
0.0047906097
5.8662437e-07
-4.5564e-06
-2.6316742e-05
2.7523705e-05

---------------------------------------------------


1) 		max # of window changes: 5 	(use this)


46391771.67725136

0.40788248
3.7780957
5.112775
2.772996
4.816407
5.11392
6.478954
2.3359683
3.896777
0.90738326
3.0041046
5.1334615
7.984584
2.4807162
3.4146905
3.0005043
5.6715755
4.330852
0.9864744
0.0035024127
7.237241e-08
0.0008780906
5.639503e-08
0.00019665422
1.7502038e-07
7.664238e-06
4.2085094e-07
-0.10407538
-1.6053629e-06
-4.943332e-06
-1.8502953e-05
0.00480125
5.796669e-07
-4.5560196e-06
-2.6329137e-05
2.7504546e-05







