Input from Level 5 + Mathematica addition of 1 new operator at s-channel s=4

25770956.736894052

0.40749294
3.8016267
2.7745476
5.0
2.3196843
3.9031322
0.9035573
2.4609654
3.4060218
2.992469
0.98545045
0.003673215
0.0010730603
0.0000382457
0.0002715446
3.4176533e-06
-0.1043907
0.0045626
5.7743423e-06
-7.1455092e-06


---------------------------------------------------


1) -- mins	max # of window changes: 3 


30943853.483346056

0.40764597
3.8010352
2.7730608
5.6736283
2.323171
3.9027774
0.9049363
2.4595268
3.4058933
2.9910698
0.9855671
0.0036309755
0.0010483405
0.000116841926
0.00019156569
4.838811e-06
-0.10443832
0.0046368353
4.7388057e-05
-7.4996757e-07



2) -- mins 	max # of window changes: 5 	(use this)


35394518.19196726

0.40771684
3.8009973
2.7760973
5.123814
2.3212264
3.9036555
0.90447253
2.4600568
3.4059768
2.9919145
0.98572046
0.003606877
0.00094034773
0.00015154154
8.082038e-05
1.2253876e-08
-0.1044438
0.0047979467
2.64106e-08
-3.652829e-08



